74018310
90758015
26712776
89459193
91226240
29858446
30485184
65950753
39660173
14226780
17432722
20115085
97035123
86069226
99208512
11823689
76987765
86197663
94617490
51000706
12538090
18855618
88108647
94366001
26235659
33263311
43134663
90094195
53385562
10381534
5171311
43578749
76021047
16923514
53959391
446193
44344185
35470569
95280372
3334599
69802315
87860855
43665527
19529631
78706191
26750300
72604961
7952732
29162657
42360347
6881379
71657981
94436495
53767826
39626601
46740520
18130104
21699989
87866546
34546493
37770779
75588468
96697790
48973636
73025450
48943504
89846294
2204421
3156459
15502127
60814374
96137960
40911130
20886558
14421542
12019919
51700568
36134088
18189333
59227925
68318950
78803155
13404448
46023493
45649983
47891103
1437329
29816617
75046792
76116119
39598712
28518285
80920807
87957231
99918356
5204536
90942492
10357048
24020156
19808398
